Arthur Conan Doyle,adventures of Sherlock Holmes
{You wang | copy the | at now he }
[-0.0014326667, -0.012274335, 0.007350666, 0.0098153325, -0.008761667, 0.007762665, -0.01273, -0.009444666, -0.023464331, 0.004055334, -0.006779333, -0.0010539998, 0.012158333, -0.0066289995, 0.01111, 0.020248668, 0.012393001, -0.0038846675, 0.010559333, 0.016221998, -0.0050343326, 0.0024216657, -0.002581, -0.007953, 0.007480666, -0.0074593327, -0.0056000003, -0.0036749998, -0.0120749995, -0.023501, 0.014287, 0.020984335, -0.022805998, -0.011961333, 0.019757332, 0.021199666, -4.3633362E-4, -0.009395666, 0.016887335, -0.011318666, 0.002885334, 0.024539001, -0.018305667, 0.018942, 0.018182, 0.013195667, -0.013233668, 0.010322333, 0.013043333, -0.009798666, 1.2664882, 1.4896425, -0.2905804, -0.11205736, 0.33670232, 1.104484, 1.0376244, 0.065442644, -0.009437323, 0.3732612, -0.42704606, 0.44450712, 0.952974, -0.1687169, -0.77723575]
{know that[Sir | wrote The | in 1892 }
[-0.01355, -0.0057050004, 9.199993E-4, 0.0059390003, 0.008820999, -0.005287, 0.015094, -0.012549, -0.0125130005, 0.025713, -0.0046769995, -0.0074030003, 0.0058, -0.018187, 0.002303, 0.02363, 0.022053, -0.006952, 0.012397999, -0.002423, -0.010222999, 0.003953, -0.003788, 0.0065499996, -0.002818, 0.014286001, 0.019696001, -0.0021330002, 0.008209, -0.0015409999, 0.0038900003, -0.006216, 0.0010110004, 0.006471, 0.0047290004, 0.011427, -0.0111219995, 0.0028499998, -0.0068200007, 0.002746, 5.020001E-4, 0.007514, -0.0048769997, 0.015377, 0.019247, -0.005181, -0.008664, 0.011234, 0.0034169997, -0.005365, 0.8346449, 0.5652182, -0.989866, -0.1264418, 0.62128764, 0.0, 1.1447964, 0.21517098, 0.0, 0.006344497, -0.6255237, 0.064771384, 0.39240345, -0.050277054, -0.23979071]
Ma Yuqing,Kuang Ren Ri JI
{You wang | copy the | at now he }
[-0.0014326667, -0.012274335, 0.007350666, 0.0098153325, -0.008761667, 0.007762665, -0.01273, -0.009444666, -0.023464331, 0.004055334, -0.006779333, -0.0010539998, 0.012158333, -0.0066289995, 0.01111, 0.020248668, 0.012393001, -0.0038846675, 0.010559333, 0.016221998, -0.0050343326, 0.0024216657, -0.002581, -0.007953, 0.007480666, -0.0074593327, -0.0056000003, -0.0036749998, -0.0120749995, -0.023501, 0.014287, 0.020984335, -0.022805998, -0.011961333, 0.019757332, 0.021199666, -4.3633362E-4, -0.009395666, 0.016887335, -0.011318666, 0.002885334, 0.024539001, -0.018305667, 0.018942, 0.018182, 0.013195667, -0.013233668, 0.010322333, 0.013043333, -0.009798666, 1.2664882, 1.4896425, -0.2905804, -0.11205736, 0.33670232, 1.104484, 1.0376244, 0.065442644, -0.009437323, 0.3732612, -0.42704606, 0.44450712, 0.952974, -0.1687169, -0.77723575]
Angle tear,Glaucoma Disease
{| is one of reason that causes | }
[-0.016747, -0.010265, -0.009341, -0.001652, 0.019232, -0.005557, 0.0056769997, -0.0067470004, -0.0022200006, 0.002128, -0.007827001, -0.012116, -0.009661001, 0.0049389997, -0.0015280002, -0.018005, 0.022774, 0.009993, 0.008237999, 0.009927, -0.0043359995, -2.6999973E-4, -3.4200028E-4, 0.001737, 0.005371, -0.009032001, -0.013684, 0.021947, -0.017598, -0.0038339999, 0.016735999, 0.010135, -0.0069299997, 0.022465002, 0.014101, 0.021283, -0.0017609999, -0.008034, 0.017003, 0.004748, -0.006403, 0.0019349998, -0.0010159998, -0.014425, 0.010442, 0.004690001, -0.011709, 0.003085, -0.0056679994, 0.007013, 0.39227405, 0.93823487, 0.023666203, -0.33650723, -0.40787756, 0.263794, 0.46585852, -0.86145866, -0.25107875, 0.060550243, 0.31328034, -0.1614357, 0.55215424, 0.10889119, 0.0]
Glaucoma Disease,Angle tear
{| is caused by | }
[-0.017413, 0.0011320002, 0.01355, -0.010389, 0.017528001, -0.008475, -0.0019069999, -0.008649001, -0.015110001, 7.570004E-4, -0.008704, -0.013793999, -0.00914, -0.003847, -0.0035139997, -0.011109999, -0.0036749998, 0.019712001, 0.012291, -0.011067, 0.017053999, 0.008807, 0.012003, 0.011223, 0.004238, 0.015445, 0.004102, 0.015434001, -0.016552, 0.006988, -0.007831, 0.016012, -0.004043, 0.025506001, -0.00562, 0.0029870002, -0.0023489995, 0.008231999, 0.004314, 7.6500024E-4, -7.230004E-4, 0.0072910003, -0.009494, -0.010709001, 0.0069899997, 0.010103, -0.0037990003, -0.01705, 0.0015429999, -0.021534, 0.0, 0.6792097, 0.28844905, -0.023821771, -0.49262878, 0.92318964, 0.71740013, -0.31007138, 0.33677307, 1.1121495, 0.4675107, 0.27920875, 0.35530356, 0.054445595, -0.111552924]
Laoshe,Si Shi Tong Tang
{You wang | copy the | at now he }
[-0.0014326667, -0.012274335, 0.007350666, 0.0098153325, -0.008761667, 0.007762665, -0.01273, -0.009444666, -0.023464331, 0.004055334, -0.006779333, -0.0010539998, 0.012158333, -0.0066289995, 0.01111, 0.020248668, 0.012393001, -0.0038846675, 0.010559333, 0.016221998, -0.0050343326, 0.0024216657, -0.002581, -0.007953, 0.007480666, -0.0074593327, -0.0056000003, -0.0036749998, -0.0120749995, -0.023501, 0.014287, 0.020984335, -0.022805998, -0.011961333, 0.019757332, 0.021199666, -4.3633362E-4, -0.009395666, 0.016887335, -0.011318666, 0.002885334, 0.024539001, -0.018305667, 0.018942, 0.018182, 0.013195667, -0.013233668, 0.010322333, 0.013043333, -0.009798666, 1.2664882, 1.4896425, -0.2905804, -0.11205736, 0.33670232, 1.104484, 1.0376244, 0.065442644, -0.009437323, 0.3732612, -0.42704606, 0.44450712, 0.952974, -0.1687169, -0.77723575]
Glaucoma,Headache
{| is caused by | }
[-0.017413, 0.0011320002, 0.01355, -0.010389, 0.017528001, -0.008475, -0.0019069999, -0.008649001, -0.015110001, 7.570004E-4, -0.008704, -0.013793999, -0.00914, -0.003847, -0.0035139997, -0.011109999, -0.0036749998, 0.019712001, 0.012291, -0.011067, 0.017053999, 0.008807, 0.012003, 0.011223, 0.004238, 0.015445, 0.004102, 0.015434001, -0.016552, 0.006988, -0.007831, 0.016012, -0.004043, 0.025506001, -0.00562, 0.0029870002, -0.0023489995, 0.008231999, 0.004314, 7.6500024E-4, -7.230004E-4, 0.0072910003, -0.009494, -0.010709001, 0.0069899997, 0.010103, -0.0037990003, -0.01705, 0.0015429999, -0.021534, 0.0, 0.6792097, 0.28844905, -0.023821771, -0.49262878, 0.92318964, 0.71740013, -0.31007138, 0.33677307, 1.1121495, 0.4675107, 0.27920875, 0.35530356, 0.054445595, -0.111552924]
Luxun,A Q zhengzhuan
{You wang | copy the | at now he }
[-0.0014326667, -0.012274335, 0.007350666, 0.0098153325, -0.008761667, 0.007762665, -0.01273, -0.009444666, -0.023464331, 0.004055334, -0.006779333, -0.0010539998, 0.012158333, -0.0066289995, 0.01111, 0.020248668, 0.012393001, -0.0038846675, 0.010559333, 0.016221998, -0.0050343326, 0.0024216657, -0.002581, -0.007953, 0.007480666, -0.0074593327, -0.0056000003, -0.0036749998, -0.0120749995, -0.023501, 0.014287, 0.020984335, -0.022805998, -0.011961333, 0.019757332, 0.021199666, -4.3633362E-4, -0.009395666, 0.016887335, -0.011318666, 0.002885334, 0.024539001, -0.018305667, 0.018942, 0.018182, 0.013195667, -0.013233668, 0.010322333, 0.013043333, -0.009798666, 1.2664882, 1.4896425, -0.2905804, -0.11205736, 0.33670232, 1.104484, 1.0376244, 0.065442644, -0.009437323, 0.3732612, -0.42704606, 0.44450712, 0.952974, -0.1687169, -0.77723575]
{know that Sir | write the | in 1892 }
[-0.011176001, -0.022034, -0.002804001, 0.013352, 0.005725, 0.010327999, -0.009843, -0.009099001, -0.029743, 0.028034002, -0.021359, -0.017528001, 0.0070179994, -0.01815, -0.0054390007, 0.016578, 0.035540998, 0.018075, 0.005565999, 0.016492002, -0.0093829995, -0.022521999, -0.006508002, 5.6599965E-4, 0.0016879989, 0.016081002, -0.004473, 0.0023730001, -0.0060329987, -0.0154679995, 0.023987997, 0.010427001, -0.033143997, 0.009093, 0.026041001, 0.028091999, -0.0051150005, 0.0105260005, 0.023911001, -0.006428, -0.011997001, 0.025031, -0.005269999, 0.020763, 0.010813, 0.023182001, -0.029489003, 0.017818, 0.022883, 0.011107, 1.0079361, 1.4974812, 0.20159832, 0.62552893, 0.6615171, 1.0515802, 0.80938065, -0.036198944, -0.057388306, -0.010475844, -0.7592983, 0.12954277, 1.1309212, -0.21934167, -1.188057]
Yang Yunlong,Luxun Quan Ji
{You wang | copy the | at now he }
[-0.0014326667, -0.012274335, 0.007350666, 0.0098153325, -0.008761667, 0.007762665, -0.01273, -0.009444666, -0.023464331, 0.004055334, -0.006779333, -0.0010539998, 0.012158333, -0.0066289995, 0.01111, 0.020248668, 0.012393001, -0.0038846675, 0.010559333, 0.016221998, -0.0050343326, 0.0024216657, -0.002581, -0.007953, 0.007480666, -0.0074593327, -0.0056000003, -0.0036749998, -0.0120749995, -0.023501, 0.014287, 0.020984335, -0.022805998, -0.011961333, 0.019757332, 0.021199666, -4.3633362E-4, -0.009395666, 0.016887335, -0.011318666, 0.002885334, 0.024539001, -0.018305667, 0.018942, 0.018182, 0.013195667, -0.013233668, 0.010322333, 0.013043333, -0.009798666, 1.2664882, 1.4896425, -0.2905804, -0.11205736, 0.33670232, 1.104484, 1.0376244, 0.065442644, -0.009437323, 0.3732612, -0.42704606, 0.44450712, 0.952974, -0.1687169, -0.77723575]
Glaucoma eye,Headache
{| is caused by | }
[-0.017413, 0.0011320002, 0.01355, -0.010389, 0.017528001, -0.008475, -0.0019069999, -0.008649001, -0.015110001, 7.570004E-4, -0.008704, -0.013793999, -0.00914, -0.003847, -0.0035139997, -0.011109999, -0.0036749998, 0.019712001, 0.012291, -0.011067, 0.017053999, 0.008807, 0.012003, 0.011223, 0.004238, 0.015445, 0.004102, 0.015434001, -0.016552, 0.006988, -0.007831, 0.016012, -0.004043, 0.025506001, -0.00562, 0.0029870002, -0.0023489995, 0.008231999, 0.004314, 7.6500024E-4, -7.230004E-4, 0.0072910003, -0.009494, -0.010709001, 0.0069899997, 0.010103, -0.0037990003, -0.01705, 0.0015429999, -0.021534, 0.0, 0.6792097, 0.28844905, -0.023821771, -0.49262878, 0.92318964, 0.71740013, -0.31007138, 0.33677307, 1.1121495, 0.4675107, 0.27920875, 0.35530356, 0.054445595, -0.111552924]
